---
message_001:
  id: 1
  text: a
  sender: '123456789'
  ascii: 1
  unit: 1
  user_id: 3
  created_at: 2011-09-19 11:12:15.000000000Z
  updated_at: 2011-09-19 11:12:15.000000000Z
message_002:
  id: 2
  text: '11'
  sender: '123456789'
  ascii: 1
  unit: 1
  user_id: 3
  created_at: 2011-09-19 11:20:57.000000000Z
  updated_at: 2011-09-19 11:20:57.000000000Z
message_003:
  id: 3
  text: '22'
  sender: '123456789'
  ascii: 1
  unit: 1
  user_id: 3
  created_at: 2011-09-19 11:21:06.000000000Z
  updated_at: 2011-09-19 11:21:06.000000000Z
