---
package_001:
  id: 1
  name: pk1
  description: Nice package
  day_limit: 10
  amount: 100
  validity: 30
  created_at: 2011-09-19 11:11:53.000000000Z
  updated_at: 2011-09-19 11:11:53.000000000Z
