---
package_001:
  id: 1
  name: PK1
  description: nice package
  day_limit: 10
  amount: 200
  validity: 100
  created_at: 2011-09-19 22:32:48.000000000Z
  updated_at: 2011-09-19 22:32:48.000000000Z
