---
subscription_001:
  id: 1
  package_id: 1
  user_id: 3
  created_at: 2011-09-19 11:12:05.000000000Z
  updated_at: 2011-09-19 11:12:05.000000000Z
