---
subscription_001:
  id: 1
  package_id: 1
  user_id: 1
  created_at: 2011-09-19 22:33:08.000000000Z
  updated_at: 2011-09-19 22:33:08.000000000Z
subscription_002:
  id: 2
  package_id: 1
  user_id: 1
  created_at: 2011-09-19 23:22:18.000000000Z
  updated_at: 2011-09-19 23:22:18.000000000Z
